AAPL: 0.00016
ADAUSD: 0.00351
AIRF: 0.00968
ALVG: 0.00043
AMZN: 0.00027
AUDCAD: 0.00011
AUDCHF: 0.00012
AUDJPY: 0.0001
AUDNZD: 7.0e-05
AUDUSD: 6.0e-05
AUS200.cash: 0.00017
BABA: 0.00036
BAC: 0.00065
BAYGn: 0.00208
BTCUSD: 0.00035
CADCHF: 0.00022
CADJPY: 0.00014
CHFJPY: 9.0e-05
COCOA.c: 0.00147
COFFEE.c: 0.00106
CORN.c: 0.0022
DASHUSD: 0.01652
DBKGn: 0.0024
DOGEUSD: 0.00316
DOTUSD: 0.00282
ETHUSD: 0.00125
EU50.cash: 0.00034
EURAUD: 8.0e-05
EURCAD: 0.0001
EURCHF: 9.0e-05
EURGBP: 8.0e-05
EURJPY: 8.0e-05
EURNZD: 0.00013
EURUSD: 2.0e-05
FRA40.cash: 0.00018
GBPAUD: 9.0e-05
GBPCAD: 8.0e-05
GBPCHF: 0.00011
GBPJPY: 7.0e-05
GBPNZD: 8.0e-05
GBPUSD: 5.0e-05
GER40.cash: 7.0e-05
GOOG: 0.0004
HK50.cash: 0.00024
IBE: 0.00298
JP225.cash: 0.00027
LTCUSD: 0.0091
LVMH: 0.00021
META: 0.00021
MSFT: 0.00025
N25.cash: 0.00056
NATGAS.cash: 0.0142
NEOUSD: 0.01586
NFLX: 0.00064
NVDA: 0.00028
NZDCAD: 0.00018
NZDCHF: 0.00029
NZDJPY: 0.00015
NZDUSD: 0.00014
PFE: 0.00118
RACE: 0.00157
SOYBEAN.c: 0.00206
SPN35.cash: 0.00052
T: 0.0017
TSLA: 0.00065
UK100.cash: 0.00014
UKOIL.cash: 0.00033
US100.cash: 4.0e-05
US2000.cash: 0.00045
US30.cash: 4.0e-05
US500.cash: 5.0e-05
USDCAD: 4.0e-05
USDCHF: 6.0e-05
USDJPY: 3.0e-05
USOIL.cash: 0.00046
V: 0.00061
VOWG_p: 0.00343
WHEAT.c: 0.00233
WMT: 0.00043
XMRUSD: 0.01127
XRPUSD: 0.00533
ZM: 0.00072
