AAPL: 0.0002
ADAUSD: 0.00437
AIRF: 0.00636
ALVG: 0.00079
AMZN: 0.00031
AUDCAD: 0.00016
AUDCHF: 0.0002
AUDJPY: 0.00015
AUDNZD: 0.00015
AUDUSD: 0.0001
AUS200.cash: 0.00024
BABA: 0.00083
BAC: 0.0023
BAYGn: 0.00212
BTCUSD: 0.00034
CADCHF: 0.00027
CADJPY: 0.00017
CHFJPY: 0.00014
COCOA.c: 0.00184
COFFEE.c: 0.00095
CORN.c: 0.00213
DASHUSD: 0.02375
DBKGn: 0.00249
DOGEUSD: 0.00373
DOTUSD: 0.00436
ETHUSD: 0.00142
EU50.cash: 0.00026
EURAUD: 0.00012
EURCAD: 0.00012
EURCHF: 0.00011
EURCZK: 0.00047
EURGBP: 0.0001
EURHUF: 0.00044
EURJPY: 0.00014
EURNOK: 0.0002
EURNZD: 0.00019
EURPLN: 0.00044
EURUSD: 3.0e-05
FRA40.cash: 0.00022
GBPAUD: 0.00013
GBPCAD: 0.0001
GBPCHF: 0.00013
GBPJPY: 0.0001
GBPNZD: 0.00014
GBPUSD: 6.0e-05
GER40.cash: 7.0e-05
GOOG: 0.00037
HEATOIL.c: 0.02161
HK50.cash: 0.00034
IBE: 0.00308
JP225.cash: 0.00012
LTCUSD: 0.01258
LVMH: 0.00037
META: 0.00059
MSFT: 0.00027
N25.cash: 0.0004
NATGAS.cash: 0.01138
NEOUSD: 0.02617
NFLX: 0.00058
NVDA: 0.00046
NZDCAD: 0.00023
NZDCHF: 0.00036
NZDJPY: 0.00023
NZDUSD: 0.00021
PFE: 0.00194
RACE: 0.00101
SOYBEAN.c: 0.00208
SPN35.cash: 0.00044
T: 0.00221
TSLA: 0.00011
UK100.cash: 0.00012
UKOIL.cash: 0.00028
US100.cash: 0.0001
US2000.cash: 0.0005
US30.cash: 6.0e-05
US500.cash: 0.00011
USDCAD: 5.0e-05
USDCHF: 8.0e-05
USDCZK: 0.00043
USDHKD: 0.0001
USDHUF: 0.00044
USDILS: 0.00063
USDJPY: 6.0e-05
USDMXN: 0.00038
USDNOK: 0.00023
USDPLN: 0.00049
USDSEK: 0.00027
USDZAR: 0.00093
USOIL.cash: 0.00039
V: 0.00029
VOWG_p: 0.00318
WHEAT.c: 0.00235
WMT: 0.00075
XAGAUD: 0.00043
XAGEUR: 0.0005
XAGUSD: 0.00062
XAUAUD: 0.00017
XAUEUR: 0.00024
XAUUSD: 0.00014
XCUUSD: 0.00094
XMRUSD: 0.01233
XPDUSD: 0.00766
XPTUSD: 0.00182
XRPUSD: 0.006
ZM: 0.00083
