AAPL: 0.00012
ADAUSD: 0.0038
AIRF: 0.01107
ALVG: 0.00044
AMZN: 0.00033
AUDCAD: 0.00011
AUDCHF: 0.00014
AUDJPY: 0.0001
AUDNZD: 7.0e-05
AUDUSD: 6.0e-05
AUS200.cash: 0.00017
BABA: 0.00058
BAC: 0.00064
BAYGn: 0.00261
BTCUSD: 0.00033
CADCHF: 0.00024
CADJPY: 0.00015
CHFJPY: 0.00012
COCOA.c: 0.00245
COFFEE.c: 0.00104
CORN.c: 0.00219
DASHUSD: 0.01833
DBKGn: 0.00241
DOGEUSD: 0.00282
DOTUSD: 0.00315
ETHUSD: 0.00121
EU50.cash: 0.00034
EURAUD: 9.0e-05
EURCAD: 0.00011
EURCHF: 0.00011
EURGBP: 0.0001
EURJPY: 8.0e-05
EURNZD: 0.00013
EURUSD: 3.0e-05
FRA40.cash: 0.00018
GBPAUD: 0.00011
GBPCAD: 9.0e-05
GBPCHF: 0.00013
GBPJPY: 0.0001
GBPNZD: 0.0001
GBPUSD: 6.0e-05
GER40.cash: 7.0e-05
GOOG: 0.00023
HK50.cash: 0.00024
IBE: 0.00294
JP225.cash: 0.00027
LTCUSD: 0.00915
LVMH: 0.00021
META: 0.00057
MSFT: 0.00023
N25.cash: 0.00056
NATGAS.cash: 0.01382
NEOUSD: 0.01877
NFLX: 0.00133
NVDA: 0.00029
NZDCAD: 0.00017
NZDCHF: 0.00029
NZDJPY: 0.00015
NZDUSD: 0.00014
PFE: 0.00116
RACE: 0.00179
SOYBEAN.c: 0.00204
SPN35.cash: 0.00052
T: 0.00127
TSLA: 0.00049
UK100.cash: 0.00014
UKOIL.cash: 0.00033
US100.cash: 4.0e-05
US2000.cash: 0.00045
US30.cash: 3.0e-05
US500.cash: 5.0e-05
USDCAD: 4.0e-05
USDCHF: 7.0e-05
USDJPY: 4.0e-05
USOIL.cash: 0.00046
V: 0.00095
VOWG_p: 0.00324
WHEAT.c: 0.00229
WMT: 0.00032
XMRUSD: 0.01266
XRPUSD: 0.00526
ZM: 0.00085
